entry	PH	PHC	PHR	EH	EHC	EHR	DT	DTC	DTR	YP	YPC	YPR	Yrad	YCrad	YRrad
1_1	179.8385	188.3398	171.3372	106.6041	115.4041	97.8041	77.7476	68.0049	87.4903	48.2724	59.1726	37.3722	6.8461	7.7057	5.9865
1_15	135.4811	136.5768	134.3854	76.4743	79.218	73.7306	77.6025	66.33622	88.86878	65.3547	62.775	67.9344	7.986	7.786	8.186
1_23	182.5484	178.1793	186.9175	111.0571	112.216	109.8982	78.2439	67.3966	89.0912	85.6399	96.7214	74.5584	9.2103	9.8547	8.5659
1_25	206.419	221.6619	191.1761	119.7299	130.9071	108.5527	77.5949	68.5955	86.5943	59.6785	63.1789	56.1781	7.6833	7.95906	7.40754
1_3	160.5886	164.3401	156.8371	73.271	73.0715	73.4705	72.0043	59.296	84.7126	51.077	52.67734	49.47666	7.0524	7.1407	6.9641
1_30	169.8466	172.3723	167.3209	92.5918	90.3547	94.8289	77.3603	67.3196	87.401	34.9794	33.5206	36.4382	5.7228	5.5137	5.9319
1_31	204.5644	207.2433	201.8855	105.6987	102.7824	108.615	79.56	67.2998	91.8202	35.6821	46.9332	24.431	5.7618	6.7823	4.7413
1_32	165.8466	168.3723	163.3209	73.1411	66.8854	79.3968	73.3432	61.0697	85.6167	16.7508	18.646	14.8556	4.0228	4.3837	3.6619
1_39	146.5725	143.2759	149.8691	67.12	69.4675	64.7725	78.8258	67.599	90.0526	30.952	49.0331	12.8709	4.8682	6.8457	2.8907
1_44	184.5402	186.1466	182.9338	100.9566	94.8141	107.0991	72.2366	60.6172	83.856	26.3855	40.8579	11.9131	4.4788	6.102	2.8556
1_45	196.6127	201.4367	191.7887	96.3715	103.4735	89.2695	77.568	67.6806	87.4554	45.6628	39.1409	52.1847	6.5608	5.9769	7.1447
1_47	123.9192	129.6625	118.1759	69.3591	65.424	73.2942	75.8583	64.6898	87.0268	46.7329	42.8336	50.6322	6.8219	6.555	7.0888
1_66	165.0482	170.1786	159.9178	72.0571	73.216	70.8982	76.0953	67.4705	84.7201	37.1815	39.993	34.37	6.0653	6.34228	5.78832
1_80	178.371	172.4697	184.2723	97.9502	99.7883	96.1121	79.433	70.4886	88.3774	26.1683	23.3345	29.0021	5.0448	4.7824	5.3072
1_89	157.4435	154.7598	160.1272	93.422	90.6755	96.1685	71.905	60.1028	83.7072	23.191	19.4791	26.9029	4.724	4.4148	5.0332
1_94	139.2282	150.232	128.2244	62.2751	65.7547	58.7955	76.2356	63.0512	89.42	12.3604	13.201	11.5198	3.4108	3.56603	3.25557
10_10	190.4514	200.7913	180.1115	96.9249	103.6873	90.1625	80.5341	72.1387	88.9295	26.5874	29.6954	23.4794	5.10229	5.49669	4.70789
10_15	168.5321	176.1141	160.9501	80.1576	88.618	71.6972	77.5232	67.6211	87.4253	61.2968	56.8925	65.7011	7.7787	7.4982	8.0592
10_17	147.7499	145.9855	149.5143	70.6505	65.923	75.378	80.5596	67.8246	93.2946	54.5751	46.1745	62.9757	7.3515	6.786	7.917
10_18	202.4435	199.7598	205.1272	117.617	110.4557	124.7783	81.8807	71.6651	92.0963	35.7043	48.7566	22.652	5.7322	6.919	4.5454
10_21	191.9192	197.6625	186.1759	101.8621	107.4359	96.2883	83.5713	74.5136	92.629	41.0988	45.4317	36.7659	6.3543	6.723	5.9856
10_29	190.7095	199.8236	181.5954	109.8873	110.5368	109.2378	79.6324	68.18483	91.07997	79.6227	80.3974	78.848	8.7766	8.7396	8.8136
10_36	167.4595	171.8239	163.0951	100.4472	92.7765	108.1179	79.5377	68.15603	90.91937	36.5288	40.15	32.9076	5.9919	6.3621	5.6217
10_37	155.5484	151.1793	159.9175	80.3967	82.5744	78.219	76.8542	66.5432	87.1652	12.4374	15.0845	9.7903	3.377	3.9576	2.7964
10_38	163.895	168.5658	159.2242	80.5601	91.2279	69.8923	78.57636	68.83596	88.31676	17.3525	16.9639	17.7411	4.1122	4.1489	4.0755
10_41	151.5804	161.3074	141.8534	90.7111	98.8319	82.5903	78.9597	68.6535	89.2659	13.9126	21.3866	6.4386	3.3391	4.5427	2.1355
10_43	144.0805	144.3079	143.8531	84.1012	83.3923	84.8101	79.6198	69.0333	90.2063	11.971	15.0019	8.9401	3.3418	3.8876	2.796
10_47	188.9515	189.7918	188.1112	108.6041	117.4041	99.8041	80.8179	70.4594	91.1764	20.2744	30.8025	9.7463	4.0492	5.4538	2.6446
10_5	180.8064	175.2115	186.4013	106.5918	104.3547	108.8289	81.3035	72.0331	90.5739	35.2135	19.0467	51.3803	5.6105	4.1876	7.0334
10_8	189.4997	201.9847	177.0147	75.1641	75.6438	74.6844	79.6715	69.1383	90.2047	13.3065	17.1738	9.4392	3.5406	4.1826	2.8986
10_9	180.4837	185.9206	175.0468	103.271	103.0715	103.4705	77.261	66.4484	88.0736	41.6286	62.7323	20.5249	5.8859	7.7958	3.976
11_21	201.6934	203.7595	199.6273	142.1453	139.5686	144.722	79.3024	70.7732	87.8316	32.3952	19.9402	44.8502	5.4108	4.2631	6.5585
11_3	148.1933	159.759	136.6276	68.2269	69.8952	66.5586	77.8726	67.4838	88.2614	63.3061	53.0395	73.5727	7.8842	7.2233	8.5451
11_30	190.8035	199.8666	181.7404	85.4784	91.9012	79.0556	74.9061	63.9421	85.8701	32.7813	31.2589	34.3037	5.6919	5.6041	5.7797
11_32	176.274	185.0817	167.4663	87.7739	97.0833	78.4645	74.4651	63.6867	85.2435	103.5271	112.0038	95.0504	10.1054	10.5256	9.6852
11_39	142.0159	152.0494	131.9824	94.5853	100.3289	88.8417	79.271	69.1549	89.3871	11.502	15.2134	7.7906	3.2362	3.9485	2.5239
11_4	142.7901	149.1463	136.4339	75.4596	78.8259	72.0933	75.6944	63.4839	87.9049	12.7592	14.7419	10.7765	3.3894	3.8269	2.9519
11_49	193.911	205.6299	182.1921	108.8809	117.5111	100.2507	77.4703	68.3287	86.6119	77.6746	96.5598	58.7894	8.6676	9.8106	7.5246
11_52	177.911	189.6299	166.1921	101.3151	99.2478	103.3824	80.7292	70.2415	91.2169	39.0403	30.7089	47.3717	6.1959	5.5363	6.8555
11_55	159.766	165.0497	154.4823	60.9502	62.7883	59.1121	79.0955	69.5343	88.6567	66.0664	56.9378	75.195	8.1103	7.5553	8.6653
11_61	185.4677	183.8565	187.0789	94.0759	98.2913	89.8605	79.3234	69.2581	89.3887	50.8788	46.3399	55.4177	6.985	6.573	7.397
11_63	168.387	169.5338	167.2402	76.6482	83.5804	69.716	75.5173	64.9428	86.0918	9.3545	12.5598	6.1492	2.951	3.6371	2.2649
11_65	188.4112	190.6305	186.1919	92.1829	95.7191	88.6467	79.3505	67.803	90.898	160.1037	148.5471	171.6603	12.6445	12.1792	13.1098
11_7	90.49	89.9513	91.0287	39.8873	40.5368	39.2378	77.8383	68.2254	87.4512	17.0153	14.9455	19.0851	4.0859	3.8878	4.284
11_71	140.387	141.5338	139.2402	84.5289	81.1032	87.9546	81.7957	72.0624	91.529	35.4194	32.6915	38.1473	5.9604	5.7704	6.1504
11_74	140.9515	141.7918	140.1112	78.3674	81.7904	74.9444	75.9012	64.7463	87.0561	19.0227	16.7609	21.2845	4.3297	4.0985	4.5609
12_1	113.371	107.4697	119.2723	48.7868	42.1349	55.4387	70.4907	56.6897	84.2917	13.3988	13.3525	13.4451	3.6679	3.77273	3.56307
12_104	182.7258	179.8889	185.5627	89.8057	86.2102	93.4012	81.4806	72.2484	90.7128	37.1485	32.6763	41.6207	6.0173	5.641	6.3936
12_117	149.1773	153.6949	144.6597	57.2604	61.3626	53.1582	72.4613	58.8368	86.0858	50.2379	55.4644	45.0114	6.9401	7.2626	6.6176
12_21	125.0482	130.1786	119.9178	75.7804	77.1091	74.4517	77.5564	66.0857	89.0271	22.4004	22.2394	22.5614	4.7152	4.7862	4.6442
12_25	162.9917	171.9526	154.0308	64.4155	69.6497	59.1813	79.7419	68.5672	90.9166	55.2098	35.8943	74.5253	7.2121	5.8445	8.5797
12_34	170.7901	177.1463	164.4339	86.0571	87.216	84.8982	72.516	61.1195	83.9125	51.8571	49.9056	53.8086	7.1817	7.0685	7.2949
12_36	199.4193	195.663	203.1756	121.5853	127.3289	115.8417	78.2449	67.3718	89.118	44.0988	44.7872	43.4104	6.6297	6.7079	6.5515
12_37	154.1665	160.3184	148.0146	83.3926	81.8913	84.8939	72.1768	59.1348	85.2188	59.8012	66.1389	53.4635	7.6846	8.1254	7.2438
12_39	144.4353	147.7271	141.1435	74.1388	79.5428	68.7348	75.1708	61.0966	89.245	37.3786	40.9844	33.7728	6.0329	6.342	5.7238
12_40	180.6127	185.4367	175.7887	82.1265	76.4934	87.7596	71.1593	59.3615	82.9571	90.6279	92.8342	88.4216	9.4793	9.6096	9.349
12_41	196.9192	202.6625	191.1759	96.6482	103.5804	89.716	73.7814	60.9613	86.6015	64.1197	56.566	71.6734	7.9439	7.4483	8.4395
12_48	138.0727	125.2765	150.8689	60.0824	56.3171	63.8477	79.9814	68.8977	91.0651	23.9527	14.6223	33.2831	4.6896	3.7696	5.6096
12_66	140.403	148.5978	132.2082	64.0759	68.2913	59.8605	69.2357	56.0801	82.3913	13.0714	19.3672	6.7756	3.2991	4.3546	2.2436
12_84	140.9352	153.7266	128.1438	65.7739	75.0833	56.4645	74.5721	62.3804	86.7638	18.9287	20.4202	17.4372	4.268	4.465433	4.07057
12_86	172.8225	174.2757	171.3693	93.5225	98.0775	88.9675	74.1292	65.454	82.8044	37.8883	33.3642	42.4124	6.0438	5.6361	6.4515
13_107	160.9244	175.3501	146.4987	94.9878	102.9388	87.0368	79.2372	67.88377	90.59063	82.4594	92.1919	72.7269	9.0167	9.58	8.4534
13_21	145.8064	140.2115	151.4013	77.0824	73.3171	80.8477	78.1676	65.606	90.7292	23.4074	28.4826	18.3322	4.6815	5.2575	4.1055
13_22	166.1289	168.5014	163.7564	67.4408	67.7507	67.1309	77.518	65.1915	89.8445	64.2172	36.6783	91.7561	7.6274	5.7671	9.4877
13_23	187.7258	184.8889	190.5627	112.3403	105.3488	119.3318	72.897	59.2324	86.5616	84.7284	91.2456	78.2112	9.177	9.5621	8.7919
13_25	184.9838	180.9211	189.0465	102.1829	105.7191	98.6467	78.0592	67.77	88.3484	80.8068	70.4091	91.2045	8.8487	8.1905	9.5069
13_28	143.3547	149.4045	137.3049	63.8433	66.3606	61.326	75.7176	62.8045	88.6307	64.4654	75.9359	52.9949	7.937	8.6998	7.1742
13_3	194.7418	198.9529	190.5307	94.5853	100.3289	88.8417	78.5299	67.06804	89.99176	37.0474	45.1427	28.9521	5.9893	6.7204	5.2582
13_30	167.8708	171.4691	164.2725	92.6735	94.68144	90.66556	77.9755	67.0094	88.9416	39.4015	49.0612	29.7418	5.9455	6.6992	5.1918
13_31	180.6288	192.5009	168.7567	97.4532	108.8002	86.1062	79.4526	70.3762	88.529	40.1641	44.6709	35.6573	6.2981	6.6868	5.9094
13_33	107.34	106.3417	108.3383	52.422	49.6755	55.1685	71.9589	60.0083	83.9095	23.7159	21.1232	26.3086	4.8513	4.6215	5.0811
13_36	171.5405	154.1477	188.9333	85.9755	82.8894	89.0616	77.3137	67.9383	86.6891	68.3832	71.6539	65.1125	8.2583	8.49238	8.02422
13_4	189.0724	195.2754	182.8694	107.4155	112.6497	102.1813	78.1578	67.1899	89.1257	75.4051	76.5788	74.2314	8.6618	8.76559	8.55801
13_41	200.0645	193.2439	206.8851	100.2457	104.9705	95.5209	77.7651	67.266	88.2642	32.4965	40.6909	24.3021	5.4989	6.2748	4.723
13_5	181.9434	188.7593	175.1275	99.0947	106.3665	91.8229	75.2961	62.847	87.7452	49.3135	58.9623	39.6647	6.9071	7.6665	6.1477
13_60	167.4595	171.8239	163.0951	92.8286	95.9685	89.6887	70.8987	58.2001	83.5973	80.0781	95.3079	64.8483	8.8451	9.7453	7.9449
14_11	139.9273	139.6951	140.1595	81.0759	85.2913	76.8605	69.9334	58.1641	81.7027	20.3233	24.8934	15.7532	4.3665	5.0151	3.7179
14_12	122.9271	141.6941	104.1601	50.9878	58.9388	43.0368	74.4038	64.4548	84.3528	54.2583	73.6809	34.8357	7.0797	8.5451	5.6143
14_13	176.9032	175.5984	178.208	95.7363	98.9328	92.5398	72.416	59.2765	85.5555	25.9417	29.182	22.7014	5.0375	5.4104	4.6646
14_25	204.9434	211.7593	198.1275	114.0383	112.1408	115.9358	81.8963	73.2183	90.5743	67.9001	59.5969	76.2033	8.1907	7.6701	8.7113
14_32	176.419	191.6619	161.1761	90.2645	98.0457	82.4833	82.0542	71.0107	93.0977	22.5785	29.3264	15.8306	4.5552	5.394	3.7164
14_36	184.8656	179.7814	189.9498	100.2081	98.82	101.5962	77.7527	68.2945	87.2109	13.4462	12.7952	14.0972	3.626	3.6465	3.6055
14_39	152.0401	163.1461	140.9341	71.9061	75.6121	68.2001	71.2057	57.9268	84.4846	61.0424	46.5252	75.5596	7.6151	6.6064	8.6238
14_5	145.6127	150.4367	140.7887	75.9126	71.6379	80.1873	69.0883	56.4105	81.7661	64.1079	76.6156	51.6002	7.8996	8.7412	7.058
14_67	124.0805	124.3079	123.8531	61.6294	65.5052	57.7536	82.4552	73.2991	91.6113	49.5998	55.407	43.7926	6.787	7.09	6.484
14_70	199.516	200.0499	198.9821	94.4343	102.7249	86.1437	81.0704	70.8386	91.3022	55.8716	54.1065	57.6367	7.421	7.2974	7.5446
14_73	196.5804	206.3074	186.8534	116.9061	120.6121	113.2001	73.3744	60.4087	86.3401	54.0751	36.6294	71.5208	7.1735	5.9501	8.3969
14_84	153.7095	162.8236	144.5954	90.1641	90.6438	89.6844	78.9	66.96	90.84	70.1124	88.3489	51.8759	8.1903	9.346	7.0346
14_92	201.5804	211.3074	191.8534	98.4555	98.1428	98.7682	78.2047	69.487	86.9224	33.1574	24.7294	41.5854	5.6542	4.912	6.3964
14_93	189.0724	195.2754	182.8694	83.1829	86.7191	79.6467	78.3366	67.5067	89.1665	75.3586	82.2368	68.4804	8.6545	9.0675	8.2415
14_95	122.024	126.0819	117.9661	48.4784	54.9012	42.0556	72.8047	59.972	85.6374	21.1769	18.2197	24.1341	4.5513	4.2481	4.8545
15_1	203.0319	220.1134	185.9504	94.1576	102.618	85.6972	78.0689	66.1636	89.9742	75.8306	82.7532	68.908	8.675	9.0975	8.2525
15_103	183.879	181.5017	186.2563	87.0759	91.2913	82.8605	75.8016	64.6542	86.949	53.9333	66.9187	40.9479	7.2261	8.1826	6.2696
15_107	140.7258	137.8889	143.5627	71.5101	65.028	77.9922	82.8112	71.6318	93.9906	23.2688	19.7764	26.7612	4.7584	4.398	5.1188
15_111	174.0966	181.3721	166.8211	81.667	91.6556	71.6784	79.7552	70.774	88.7364	35.0568	28.3061	41.8075	5.8786	5.3513	6.4059
15_15	149.6771	163.6943	135.6599	72.3779	71.4992	73.2566	71.253	58.0486	84.4574	46.0349	60.2868	31.783	6.5555	7.6816	5.4294
15_22	169.3223	180.2751	158.3695	86.5037	88.0022	85.0052	79.2854	68.4666	90.1042	69.2204	67.6067	70.8341	8.3012	8.2126	8.3898
15_23	197.1988	198.4477	195.9499	76.0571	77.216	74.8982	75.4221	64.6872	86.157	41.5412	29.655	53.4274	6.3161	5.3702	7.262
15_24	160.5239	174.0814	146.9664	76.4091	89.6239	63.1943	78.1245	65.5284	90.7206	30.3172	35.2247	25.4097	5.4381	5.9563	4.9199
15_45	123.3951	118.5663	128.2239	68.2081	66.82	69.5962	74.3483	61.1236	87.573	64.0856	65.2493	62.9219	7.9713	8.08428	7.85832
15_6	209.54283	215.49043	203.59523	105.6	110.721	100.479	77.5741	67.8447	87.3035	45.2319	54.7317	35.7321	6.5897	7.3378	5.8416
15_73	154.0968	142.3731	165.8205	64.5918	62.3547	66.8289	75.7518	62.9723	88.5313	42.5601	30.1336	54.9866	6.3775	5.3967	7.3583
15_8	149.403	157.5978	141.2082	69.1388	74.5428	63.7348	73.5717	62.20136	84.94204	57.2287	61.0368	53.4206	7.5475	7.82701	7.26799
15_84	153.9192	159.6625	148.1759	84.4343	92.7249	76.1437	76.7478	68.6198	84.8758	11.1064	10.2994	11.9134	3.3042	3.2788	3.3296
15_9	112.4033	101.599	123.2076	62.617	55.4557	69.7783	77.2056	67.8235	86.5877	12.6452	10.0335	15.2569	3.503	3.291	3.715
15_93	141.6774	136.6954	146.6594	72.3403	65.3488	79.3318	77.7841	68.913	86.6552	20.5233	21.7453	19.3013	4.488	4.66624	4.30976
16_10	159.4997	171.9847	147.0147	89.12	91.4675	86.7725	77.3444	67.3216	87.3672	63.3276	73.6896	52.9656	7.8806	8.5863	7.1749
16_104	158.9999	161.98528	156.01452	83.5665	86.2536	80.8794	80.0533	68.9889	91.1177	33.0165	44.4055	21.6275	5.4815	6.5636	4.3994
16_22	150.4918	149.9531	151.0305	72.8497	67.3864	78.313	77.6457	67.0705	88.2209	44.4707	26.8923	62.0491	6.4212	5.0484	7.794
16_29	207.6585	210.2864	205.0306	85.6441	88.8972	82.391	78.6228	70.5514	86.6942	28.332	27.8118	28.8522	5.3055	5.2971	5.3139
16_51	164.6611	171.6302	157.692	80.7428	75.9587	85.5269	73.8166	61.7949	85.8383	19.2541	19.938	18.5702	4.3436	4.51604	4.17116
16_55	197.782	210.1137	185.4503	97.472	111.8754	83.0686	78.3108	67.4301	89.1915	34.909	37.1686	32.6494	5.7995	5.97584	5.62316
16_6	226.1773	230.6949	221.6597	117.0571	118.216	115.8982	77.6377	69.3866	85.8888	70.61	62.7153	78.5047	8.3143	7.7838	8.8448
16_75	159.2419	153.9534	164.5304	90.3967	92.5744	88.219	75.1588	63.3334	86.9842	50.4068	58.5342	42.2794	7.0382	7.6616	6.4148
16_81	191.2981	201.1783	181.4179	114.9878	122.9388	107.0368	76.4529	63.3933	89.5125	65.8715	65.8247	65.9183	8.0677	8.1117	8.0237
16_83	139.2014	144.7915	133.6113	62.9755	59.8894	66.0616	80.1276	69.5217	90.7335	13.4782	16.7575	10.1989	3.582	4.1402	3.0238
16_86	176.895	181.5658	172.2242	94.6735	96.68144	92.66556	76.1154	65.239	86.9918	21.4918	23.7572	19.2264	4.571	4.9006	4.2414
16_87	251.8385	260.3398	243.3372	122.3527	126.3983	118.3071	78.56935	69.48315	87.65555	98.839	119.9129	77.7651	9.7906	10.8913	8.6899
16_91	142.7901	149.1463	136.4339	71.8057	68.2102	75.4012	70.2219	56.1129	84.3309	60.1825	72.9044	47.4606	7.6241	8.526	6.7222
16_92	151.6611	158.6302	144.692	85.7363	88.9328	82.5398	72.8285	60.1083	85.5487	56.4335	61.3081	51.5589	7.4844	7.8405	7.1283
16_96	115.8871	107.5343	124.2399	65.026	52.0914	77.9606	82.0987	72.7253	91.4721	19.8415	13.1188	26.5642	4.2987	3.5218	5.0756
17_12	201.9192	207.6625	196.1759	119.6106	120.4299	118.7913	80.3684	69.6382	91.0986	68.6711	84.1953	53.1469	8.1054	9.1653	7.0455
17_35	193.4112	195.6305	191.1919	85.9314	84.7131	87.1497	74.2717	64.3383	84.2051	53.7237	55.6075	51.8399	7.2895	7.43191	7.14709
17_36	142.0645	135.2439	148.8851	65.1893	60.7448	69.6338	76.7078	64.6531	88.7625	25.906	28.3495	23.4625	5.0267	5.3303	4.7231
17_41	117.0159	127.0494	106.9824	54.5853	60.3289	48.8417	76.4529	60.9938	91.912	8.7987	11.0534	6.544	2.8388	3.3464	2.3312
17_43	141.5536	145.8669	137.2403	65.2122	67.5031	62.9213	74.0869	58.5626	89.6112	60.7889	51.9148	69.663	7.7396	7.1613	8.3179
17_44	152.2177	145.8567	158.5787	76.2774	68.0973	84.4575	76.0991	62.0195	90.1787	34.438	45.0681	23.8079	5.6748	6.6865	4.6631
17_51	116.895	121.5658	112.2242	60.7616	59.0339	62.4893	73.6723	61.5616	85.783	41.7325	49.1191	34.3459	6.3202	6.9004	5.74
17_54	160.1854	158.7274	161.6434	62.6106	63.4299	61.7913	78.1245	64.837	91.412	47.356	55.7002	39.0118	6.815	7.4823	6.1477
17_56	191.1289	193.5014	188.7564	84.2774	76.0973	92.4575	77.7883	65.0199	90.5567	114.9207	94.8972	134.9442	10.6243	9.6658	11.5828
17_59	155.3628	155.437	155.2886	60.7175	60.8576	60.5774	72.5385	58.71	86.367	18.2803	24.7775	11.7831	4.0403	4.916	3.1646
17_6	138.1289	140.5014	135.7564	81.6106	82.4299	80.7913	69.917	57.1254	82.7086	61.0907	60.4456	61.7358	7.8143	7.8065	7.8221
17_60	179.3386	178.3403	180.3369	87.0947	94.3665	79.8229	73.1526	61.4055	84.8997	45.9029	43.2614	48.5444	6.7725	6.6071	6.9379
17_62	169.5239	183.0814	155.9664	83.5037	85.0022	82.0052	73.8708	61.0692	86.6724	51.1205	56.1752	46.0658	7.0902	7.505	6.6754
17_65	201.5967	199.3726	203.8208	111.7616	110.0339	113.4893	74.33	61.7776	86.8824	65.8028	70.4226	61.183	8.0538	8.3489	7.7587
17_7	138.1289	140.5014	135.7564	57.8497	52.3864	63.313	75.3568	64.5269	86.1867	38.1304	40.8458	35.415	6.1345	6.39198	5.87702
18_10	123.0322	121.1146	124.9498	65.9314	64.7131	67.1497	72.7454	60.6001	84.8907	15.8231	15.4286	16.2176	3.7365	3.91872	3.554277
18_2	187.3223	198.2751	176.3695	93.8809	102.5111	85.2507	72.1635	59.5833	84.7437	63.299	79.0256	47.5724	7.5685	8.8061	6.3309
18_22	136.8225	138.2757	135.3693	77.9126	73.6379	82.1873	72.0264	56.9848	87.068	56.0755	51.2805	60.8705	7.3819	7.0294	7.7344
18_24	165.8064	160.2115	171.4013	92.9755	89.8894	96.0616	81.4952	71.6372	91.3532	23.0391	21.1842	24.894	4.8037	4.6676	4.9398
18_27	165.7738	184.0811	147.4665	79.3527	83.3983	75.3071	70.3009	56.3393	84.2625	54.7399	55.5023	53.9775	7.3852	7.4669	7.3035
18_29	197.5644	200.2433	194.8855	93.2017	99.7943	86.6091	78.381	67.5851	89.1769	74.3291	81.6095	67.0487	8.5905	9.0514	8.1296
18_3	219.9192	225.6625	214.1759	112.1012	111.3923	112.8101	74.8779	64.5239	85.2319	117.3867	131.47	103.3034	10.7494	11.4174	10.0814
18_31	137.8091	136.5554	139.0628	74.64	74.2141	75.0659	76.8982	67.4013	86.3951	16.9286	14.8989	18.9583	4.092	3.903	4.281
18_33	112.1371	108.5341	115.7401	68.1265	62.4934	73.7596	78.3634	67.5977	89.1291	35.6023	23.1882	48.0164	5.7954	4.7249	6.8659
18_36	183.6101	184.0929	183.1273	109.1934	108.4279	109.9589	80.7845	69.7861	91.7829	13.8306	12.4335	15.2277	3.6886	3.5634	3.8138
18_4	171.9434	178.7593	165.1275	94.271	94.0715	94.4705	74.4316	60.499	88.3642	75.8485	73.0695	78.6275	8.7019	8.5316	8.8722
18_57	173.3305	178.3077	168.3533	85.3779	84.4992	86.2566	78.7834	71.0657	86.5011	87.1213	82.5955	91.6471	9.3159	9.0781	9.5537
18_60	102.98	98.9173	107.0427	53.4849	51.927	55.0428	77.2887	62.6549	91.9225	19.8579	25.1743	14.5415	4.3349	5.0155	3.6543
18_61	157.8868	168.5331	147.2405	98.0695	110.2655	85.8735	80.2239	69.4122	91.0356	39.1672	39.3627	38.9717	6.1551	6.1657	6.1445
18_66	198.274	207.0817	189.4663	78.8621	84.4359	73.2883	79.9429	68.1139	91.7719	31.5395	41.5875	21.4915	5.3287	6.2428	4.4146
18_9	135.3468	128.3729	142.3207	64.5918	62.3547	66.8289	70.1563	56.7736	83.539	41.6373	36.0861	47.1885	6.3514	5.9117	6.7911
19_1	154.1933	165.759	142.6276	110.4784	116.9012	104.0556	78.3274	69.0892	87.5656	36.1672	29.0592	43.2752	5.9138	5.3056	6.522
19_14	165.4272	174.6946	156.1598	79.9061	83.6121	76.2001	76.8356	68.8246	84.8466	78.4323	77.4563	79.4083	8.797	8.7275	8.8665
19_15	172.1775	157.6959	186.6591	78.3844	69.5251	87.2437	73.2155	56.7815	89.6495	63.9456	60.6456	67.2456	7.9111	7.6885	8.1337
19_18	112.7901	119.1463	106.4339	51.8245	51.2854	52.3636	74.3735	58.9456	89.8014	22.3144	24.0111	20.6177	4.6165	4.9202	4.3128
19_19	138.387	139.5338	137.2402	89.9314	88.7131	91.1497	78.2434	67.4461	89.0407	38.8723	40.5938	37.1508	6.204	6.36242	6.04558
19_2	195.6934	197.7595	193.6273	119.3779	118.4992	120.2566	75.0743	60.1417	90.0069	116.0962	141.7093	90.4831	10.6263	11.8677	9.3849
19_23	138.371	132.4697	144.2723	80.4472	72.7765	88.1179	75.1896	62.5868	87.7924	38.4948	31.7158	45.2738	6.1344	5.6016	6.6672
19_29	163.516	164.0499	162.9821	105.422	102.6755	108.1685	77.6597	66.34162	88.97778	38.6048	32.6826	44.527	6.1023	5.6222	6.5824
19_30	149.5239	163.0814	135.9664	82.4532	93.8002	71.1062	72.1148	58.0453	86.1843	30.6681	38.0275	23.3087	5.3911	6.0941	4.6881
19_33	179.274	188.0817	170.4663	96.5037	98.0022	95.0052	75.9071	59.9551	91.8591	82.956	96.1881	69.7239	9.0341	9.8065	8.2617
19_36	195.3063	199.211	191.4016	101.3339	102.323	100.3448	73.5629	63.6055	83.5203	145.1837	155.5985	134.7689	12.02	12.4609	11.5791
19_37	127.5644	130.2433	124.8855	58.7804	60.1091	57.4517	70.5583	56.071	85.0456	54.5968	49.8264	59.3672	7.3731	7.0645	7.6817
19_38	141.3707	154.4685	128.2729	60.2081	58.82	61.5962	72.3764	58.4002	86.3526	24.2029	34.5446	13.8612	4.5986	5.814	3.3832
19_40	166.4353	169.7271	163.1435	90.4596	93.8259	87.0933	74.4157	64.433	84.3984	55.4823	50.6941	60.2705	7.4087	7.0928	7.7246
19_41	222.5886	226.3401	218.8371	119.8433	122.3606	117.326	79.0989	68.0397	90.1581	74.1117	94.7053	53.5181	8.3977	9.6622	7.1332
19_44	226.2177	219.8567	232.5787	138.271	138.0715	138.4705	78.18	68.0541	88.3059	75.1735	79.2533	71.0937	8.6298	8.90246	8.35714
2_11	140.9515	141.7918	140.1112	78.9566	72.8141	85.0991	78.9156	68.5671	89.2641	11.8343	14.5439	9.1247	3.2969	3.8462	2.7476
2_14	112.0805	112.3079	111.8531	47.6106	48.4299	46.7913	77.4032	65.8423	88.9641	18.4702	19.3839	17.5565	4.2433	4.43215	4.05445
2_15	130.6529	143.5975	117.7083	70.1641	70.6438	69.6844	80.1093	69.8619	90.3567	30.6827	42.9102	18.4552	5.24644	6.48294	4.00994
2_28	145.2903	142.1469	148.4337	61.7804	63.1091	60.4517	71.5125	57.7043	85.3207	82.5538	88.1671	76.9405	9.0585	9.3955	8.7215
2_46	150.7901	157.1463	144.4339	82.1829	85.7191	78.6467	76.6388	63.798	89.4796	25.8069	33.9251	17.6887	4.8168	5.6362	3.9974
2_54	137.8062	151.2105	124.4019	56.3274	65.2972	47.3576	75.6122	62.6252	88.5992	35.2645	33.7056	36.8234	5.8905	5.7647	6.0163
2_59	131.6666	128.3189	135.0143	71.9901	68.2814	75.6988	69.6772	58.24343	81.11097	33.1162	27.0199	39.2125	5.6763	5.1504	6.2022
2_6	170.2096	169.8242	170.595	90.919	78.6637	103.1743	74.968	64.6418	85.2942	13.3223	13.5236	13.121	3.6166	3.75624	3.47696
2_61	124.1773	128.6949	119.6597	54.6359	50.531	58.7408	73.8955	60.2785	87.5125	21.5122	22.7916	20.2328	4.5282	4.8182	4.2382
2_62	139.9597	134.8245	145.0949	69.0007	60.9904	77.011	77.7031	64.159	91.2472	13.6697	12.1694	15.17	3.7513	3.6533	3.8493
2_67	114.9999	117.98528	112.01452	56.2081	54.82	57.5962	73.5868	62.9792	84.1944	47.7322	58.3315	37.1329	6.7943	7.6275	5.9611
2_68	185.1962	182.1039	188.2885	77.4408	77.7507	77.1309	73.0481	59.8039	86.2923	12.3124	15.4186	9.2062	3.3991	3.986	2.8122
2_71	197.5804	207.3074	187.8534	107.2017	113.7943	100.6091	77.7213	67.0604	88.3822	18.6834	24.1802	13.1866	4.1885	4.9454	3.4316
2_73	137.6692	138.6627	136.6757	61.3339	62.323	60.3448	74.7802	63.4521	86.1083	45.7964	51.3314	40.2614	6.7198	7.1738	6.2658
2_76	178.2498	185.985	170.5146	76.8368	87.3348	66.3388	77.9674	69.2015	86.7333	26.021	29.9636	22.0784	5.0057	5.4812	4.5302
20_12	206.6532	200.5987	212.7077	103.5037	105.0022	102.0052	81.1515	72.5513	89.7517	65.4664	69.2055	61.7273	8.0742	8.31577	7.83263
20_13	125.0482	130.1786	119.9178	56.5477	56.1784	56.917	71.1914	57.727	84.6558	43.8095	54.5579	33.0611	6.4551	7.3756	5.5346
20_15	184.9597	179.8245	190.0949	89.2898	92.1467	86.4329	77.9718	67.6361	88.3075	71.6908	82.8982	60.4834	8.3868	9.0922	7.6814
20_17	187.0939	190.02821	184.15959	97.4702	96.5349	98.4055	72.6846	59.3891	85.9801	103.1427	99.2613	107.0241	10.1573	9.9661	10.3485
20_24	129.9192	135.6625	124.1759	64.667	74.6556	54.6784	76.1435	64.3579	87.9291	40.0448	44.1675	35.9221	6.2743	6.648	5.9006
20_26	224.0403	216.1471	231.9335	109.3027	96.1983	122.4071	72.9702	61.7415	84.1989	84.849	73.6102	96.0878	9.1403	8.5024	9.7782
20_28	125.4677	123.8565	127.0789	50.4408	50.7507	50.1309	80.968	71.5161	90.4199	54.7344	38.5758	70.893	7.2374	6.1377	8.3371
20_30	175.6529	188.5975	162.7083	98.5477	98.1784	98.917	82.6375	72.0542	93.2208	39.1827	61.3288	17.0366	5.5693	7.6626	3.476
20_31	196.4729	203.5441	189.4017	115.1535	119.9349	110.3721	82.0726	71.1796	92.9656	69.0328	72.9805	65.0851	8.2465	8.47694	8.01606
20_44	190.6127	195.4367	185.7887	111.0947	118.3665	103.8229	72.6048	59.6886	85.521	37.4689	34.8161	40.1217	6.1115	5.9253	6.2977
20_45	192.6611	199.6302	185.692	101.3715	108.4735	94.2695	72.8614	60.2271	85.4957	73.0634	64.4735	81.6533	8.4964	7.9826	9.0102
20_54	182.7124	177.1686	188.2562	94.2857	93.4636	95.1078	78.42285	68.67835	88.16735	32.779	21.3363	44.2217	5.545	4.513	6.577
20_56	211.419	226.6619	196.1761	83.6418	98.5546	68.729	72.3477	58.4153	86.2801	46.3069	29.1118	63.502	6.533	5.1876	7.8784
20_57	143.2338	143.9209	142.5467	71.6294	75.5052	67.7536	80.3659	73.5761	87.1557	14.4053	20.7918	8.0188	3.5229	4.5672	2.4786
20_8	184.274	193.0817	175.4663	94.0319	100.1151	87.9487	81.1256	72.4484	89.8028	42.9044	57.7706	28.0382	6.229	7.4594	4.9986
20_9	228.7339	219.9214	237.5464	115.919	103.6637	128.1743	73.138	61.4248	84.8512	88.4474	89.4074	87.4874	9.391	9.4557	9.3263
21_10	131.0482	136.1786	125.9178	56.818	64.2596	49.3764	73.6276	62.27583	84.97937	15.9104	19.0888	12.732	3.7645	4.2876	3.2414
21_11	188.3063	192.211	184.4016	102.1388	107.5428	96.7348	77.466	66.7198	88.2122	42.0084	48.8346	35.1822	6.3525	6.8835	5.8215
21_12	146.2579	148.0175	144.4983	73.7992	78.1844	69.414	71.9782	59.2118	84.7446	64.1317	68.9921	59.2713	7.9626	8.3012	7.624
21_16	129.5242	124.0825	134.9659	47.7551	54.0081	41.5021	80.2771	68.6026	91.9516	13.9646	20.5282	7.401	3.4053	4.5114	2.2992
21_19	151.1773	155.6949	146.6597	71.2269	72.8952	69.5586	80.3385	71.0868	89.5902	26.2861	26.876	25.6962	5.0494	5.16842	4.93038
21_2	190.6046	201.4042	179.805	108.7804	110.1091	107.4517	82.4872	71.7375	93.2369	26.2296	26.2582	26.201	5.08522	5.14032	5.03012
21_20	165.2661	161.0502	169.482	99.3779	98.4992	100.2566	78.8969	69.4386	88.3552	44.2441	48.2979	40.1903	6.6264	6.9703	6.2825
21_24	150.387	151.5338	149.2402	92.1829	95.7191	88.6467	75.3515	62.2024	88.5006	45.5602	46.2391	44.8813	6.748	6.8353	6.6607
21_34	108.02	112.0779	103.9621	42.9314	41.7131	44.1497	72.9043	58.6121	87.1965	35.6659	29.1867	42.1451	5.9303	5.4045	6.4561
21_38	185.5079	192.0173	178.9985	96.2457	100.9705	91.5209	77.3611	68.0178	86.7044	63.133	68.4196	57.8464	7.9221	8.2904	7.5538
21_39	139.0966	146.3721	131.8211	74.0824	70.3171	77.8477	74.7972	59.5267	90.0677	22.4384	23.7505	21.1263	4.6582	4.88095	4.43545
21_47	156.1691	166.6622	145.676	64.3527	68.3983	60.3071	75.0412	63.1068	86.9756	45.9576	48.5892	43.326	6.6271	6.76658	6.48762
21_49	145.403	153.5978	137.2082	50.2017	56.7943	43.6091	75.1012	60.8975	89.3049	47.1204	53.1281	41.1127	6.8185	7.3107	6.3263
21_5	135.4918	134.9531	136.0305	64.9126	60.6379	69.1873	77.4929	63.6397	91.3461	21.2216	21.1333	21.3099	4.6005	4.6495	4.5515
21_6	172.3386	171.3403	173.3369	73.271	73.0715	73.4705	74.9897	61.5982	88.3812	42.6479	45.9538	39.342	6.3941	6.64242	6.14578
22_10	173.9757	175.8885	172.0629	105.7804	107.1091	104.4517	78.0231	66.8632	89.183	46.2061	57.6066	34.8056	6.5429	7.4071	5.6787
22_11	224.5562	233.2107	215.9017	123.5601	134.2279	112.8923	79.3265	70.029	88.624	88.0139	85.6612	90.3666	9.3723	9.2518	9.4928
22_14	159.4703	162.2003	156.7403	84.3339	85.323	83.3448	76.9963	66.9025	87.0901	87.357	69.3873	105.3267	9.2189	8.2611	10.1767
22_15	212.2419	206.9534	217.5304	116.5477	116.1784	116.917	79.642	68.4452	90.8388	31.6756	36.351	27.0002	5.5012	5.9105	5.0919
22_22	149.4193	145.663	153.1756	70.0824	66.3171	73.8477	69.921	56.4867	83.3553	77.2786	68.578	85.9792	8.7589	8.2702	9.2476
22_3	204.7176	207.8562	201.579	101.1159	99.7844	102.4474	78.316	69.8236	86.8084	25.5834	34.7484	16.4184	4.7841	5.809	3.7592
22_34	190.403	198.5978	182.2082	99.4155	104.6497	94.1813	78.2142	68.0805	88.3479	45.2597	43.482	47.0374	6.622	6.4788	6.7652
22_35	161.5565	151.2118	171.9012	77.8309	69.3112	86.3506	75.8973	66.3258	85.4688	19.806	17.6266	21.9854	4.4182	4.2448	4.5916
22_36	199.798	219.1778	180.4182	84.7046	100.806	68.6032	72.0911	60.2559	83.9263	28.6527	35.8099	21.4955	5.23515	5.98375	4.48655
22_38	168.5321	176.1141	160.9501	92.3527	96.3983	88.3071	74.2782	58.8146	89.7418	54.1509	51.6446	56.6572	7.2477	7.009	7.4864
22_39	150.7741	150.0822	151.466	84.271	84.0715	84.4705	76.3158	67.0502	85.5814	14.1558	13.8508	14.4608	3.7595	3.8321	3.6869
22_42	231.2099	211.8253	250.5945	164.8621	170.4359	159.2883	80.1849	70.1392	90.2306	30.2126	26.9916	33.4336	5.4438	5.2319	5.6557
22_45	209.58069	200.30859	218.85279	133.0131	136.0398	129.9864	79.3627	69.4112	89.3142	24.5105	35.6023	13.4187	4.469	5.6733	3.2647
22_5	217.5484	213.1793	221.9175	129.617	122.4557	136.7783	79.7341	68.35748	91.11072	20.247	26.6942	13.7998	4.3484	5.1924	3.5044
22_6	168.8359	172.996	164.6758	94.4385	106.4081	82.4689	78.269	65.7876	90.7504	44.2604	55.1421	33.3787	6.534	7.425	5.643
23_11	151.5134	147.7061	155.3207	67.1265	61.4934	72.7596	80.7464	70.3237	91.1691	16.6726	17.6733	15.6719	3.9941	4.19772	3.79048
23_24	180.4677	178.8565	182.0789	105.5037	107.0022	104.0052	70.5664	59.17674	81.95606	37.268	26.73	47.806	5.9473	5.0528	6.8418
23_25	194.0188	189.3943	198.6433	110.3004	108.8557	111.7451	79.5746	69.0413	90.1079	27.8854	40.0995	15.6713	4.8671	6.1646	3.5696
23_26	179.8064	174.2115	185.4013	72.8873	73.5368	72.2378	80.8006	70.2917	91.3095	27.9156	35.5163	20.3149	4.9864	5.9428	4.03
23_28	194.0966	201.3721	186.8211	112.0947	119.3665	104.8229	73.1537	63.7472	82.5602	117.0923	145.8769	88.3077	10.6316	12.0364	9.2268
23_29	215.3226	207.2762	223.369	110.3403	103.3488	117.3318	76.8336	68.7529	84.9143	84.0212	88.2143	79.8281	9.1489	9.3974	8.9004
23_3	220.7336	230.9203	210.5469	107.4784	113.9012	101.0556	81.1512	70.2945	92.0079	13.5008	16.7725	10.2291	3.5635	4.1443	2.9827
23_37	150.8545	166.4038	135.3052	68.8433	71.3606	66.326	79.7172	69.9266	89.5078	17.4425	17.0226	17.8624	4.1078	4.1479	4.0677
23_39	188.7901	195.1463	182.4339	95.7992	100.1844	91.414	78.2228	68.9643	87.4813	31.377	35.7606	26.9934	5.5097	5.9092	5.1102
23_43	185.371	179.4697	191.2723	89.5665	92.2536	86.8794	71.3972	56.7681	86.0263	42.0298	47.941	36.1186	6.3386	6.7865	5.8907
23_44	145.9623	145.1683	146.7563	64.751	67.3249	62.1771	67.7695	55.8688	79.6702	34.0849	42.0031	26.1667	5.7167	6.4576	4.9758
23_6	155.0884	168.3395	141.8373	60.4408	60.7507	60.1309	77.2467	65.6013	88.8921	25.5176	20.7198	30.3154	4.9601	4.5196	5.4006
23_7	124.8359	128.996	120.6758	65.5959	67.0378	64.154	76.1652	64.396	87.9344	20.3345	31.0276	9.6414	4.0014	5.4104	2.5924
23_8	161.7983	162.179	161.4176	85.5037	87.0022	84.0052	77.0667	66.9014	87.232	65.5442	66.2425	64.8459	8.083	8.1508	8.0152
23_9	224.6614	212.6313	236.6915	90.3967	92.5744	88.219	76.85	65.607	88.093	12.8922	19.1428	6.6416	3.1926	4.2477	2.1375
24_1	139.7258	136.8889	142.5627	69.2146	59.8459	78.5833	76.8542	65.6015	88.1069	31.1659	30.6898	31.642	5.5262	5.504	5.5484
24_10	133.3707	146.4685	120.2729	58.8368	69.3348	48.3388	75.5962	61.9773	89.2151	29.7889	25.2203	34.3575	5.4545	5.0708	5.8382
24_12	156.9192	162.6625	151.1759	79.1388	84.5428	73.7348	80.7713	71.058	90.4846	58.8546	46.0468	71.6624	7.5888	6.7409	8.4367
24_13	145.3063	149.211	141.4016	54.6735	56.68144	52.66556	73.4029	59.4914	87.3144	67.6902	54.4185	80.9619	8.1284	7.2957	8.9611
24_14	139.9999	142.98528	137.01452	78.4661	73.8518	83.0804	77.5168	67.5579	87.4757	23.4074	22.7018	24.113	4.7834	4.7862	4.7806
24_15	153.6127	158.4367	148.7887	80.3967	82.5744	78.219	77.5565	64.6066	90.5064	25.2995	27.9364	22.6626	4.9765	5.2767	4.6763
24_19	199.8627	209.4365	190.2889	120.8368	131.3348	110.3388	79.8579	68.7036	91.0122	48.7897	52.4617	45.1177	6.9651	7.2678	6.6624
24_21	204.6774	199.6954	209.6594	112.4408	112.7507	112.1309	81.2566	70.2896	92.2236	32.8323	32.0735	33.5911	5.7164	5.6795	5.7533
24_23	234.9568	244.4795	225.4341	133.5101	127.028	139.9922	78.53309	69.41279	87.65339	52.0395	71.7296	32.3494	6.8829	8.3577	5.4081
24_26	131.6934	133.7595	129.6273	71.8245	71.2854	72.3636	73.7311	59.2545	88.2077	59.6722	72.6135	46.7309	7.4724	8.4407	6.5041
24_28	114.1936	106.7601	121.6271	51.1893	46.7448	55.6338	71.1062	57.6895	84.5229	30.5779	40.3223	20.8335	5.3342	6.3162	4.3522
24_6	187.5804	197.3074	177.8534	75.4784	81.9012	69.0556	79.0425	67.2047	90.8803	23.8046	26.7996	20.8096	4.7518	5.1194	4.3842
24_7	203.7741	203.0822	204.466	120.12	122.4675	117.7725	79.5821	69.0764	90.0878	30.7036	26.0158	35.3914	5.4799	5.0685	5.8913
24_8	132.6046	143.4042	121.805	59.0947	66.3665	51.8229	73.8167	60.2465	87.3869	47.8451	38.1351	57.5551	6.8464	6.1427	7.5501
24_9	169.7176	172.8562	166.579	79.2164	85.1864	73.2464	75.9039	64.9142	86.8936	109.6435	122.1551	97.1319	10.4232	11.0495	9.7969
25_1	234.6611	241.6302	227.692	126.3339	127.323	125.3448	81.4875	70.8297	92.1453	50.1976	60.6112	39.784	6.9578	7.734	6.1816
25_15	223.6369	229.5334	217.7404	92.0571	93.216	90.8982	74.5296	60.5947	88.4645	54.1318	69.4452	38.8184	7.1306	8.2362	6.025
25_16	162.6451	162.5661	162.7241	78.1829	81.7191	74.6467	74.5579	60.7928	88.323	65.8654	67.8185	63.9123	8.1043	8.24736	7.96124
25_17	94.48	99.9169	89.0431	37.7363	40.9328	34.5398	72.3539	59.0904	85.6174	41.8384	46.8444	36.8324	6.422	6.8554	5.9886
25_18	124.7418	128.9529	120.5307	68.1641	68.6438	67.6844	74.9145	59.048	90.781	19.7994	17.1068	22.492	4.4328	4.1759	4.6897
25_19	151.9838	147.9211	156.0465	59.0824	55.3171	62.8477	75.9062	65.6031	86.2093	33.9862	20.6386	47.3338	5.6342	4.4614	6.807
25_2	149.0805	149.3079	148.8531	88.422	85.6755	91.1685	79.5961	68.9536	90.2386	30.373	30.3828	30.3632	5.4302	5.4394	5.421
25_20	186.976	169.8897	204.0623	103.724	95.8835	111.5645	73.5639	59.7764	87.3514	19.3259	14.0514	24.6004	4.2819	3.6914	4.8724
25_25	148.8708	152.4691	145.2725	59.0571	60.216	57.8982	73.8782	59.6101	88.1463	63.542	65.1303	61.9537	7.9551	8.09058	7.81962
25_3	149.6369	155.5334	143.7404	64.0759	68.2913	59.8605	72.5909	58.7419	86.4399	48.5825	46.5704	50.5946	6.9523	6.8348	7.0698
25_30	148.4353	151.7271	145.1435	82.3527	86.3983	78.3071	78.8724	66.9079	90.8369	28.9247	22.8205	35.0289	5.3099	4.7666	5.8532
25_36	160.3063	164.211	156.4016	91.5477	91.1784	91.917	77.5979	65.4432	89.7526	37.5161	31.141	43.8912	6.0898	5.5959	6.5837
25_37	150.5725	147.2759	153.8691	87.573	82.2795	92.8665	81.0355	68.3712	93.6998	17.6192	22.177	13.0614	4.0886	4.7486	3.4286
25_39	138.7095	147.8236	129.5954	80.5225	85.0775	75.9675	75.448	64.8731	86.0229	36.2896	35.5487	37.0305	6.0062	5.9846	6.0278
25_5	140.4837	145.9206	135.0468	53.1241	59.1507	47.0975	71.9321	60.2533	83.6109	30.708	45.028	16.388	5.1731	6.6616	3.6846
26_12	160.3628	160.437	160.2886	75.7175	75.8576	75.5774	77.5491	67.6993	87.3989	46.2145	44.3293	48.0997	6.7634	6.6666	6.8602
26_19	190.3063	194.211	186.4016	92.8873	93.5368	92.2378	80.0088	69.8129	90.2047	48.8246	61.8715	35.7777	6.8356	7.8475	5.8237
26_2	149.3145	147.2436	151.3854	91.2081	89.82	92.5962	73.4218	62.7207	84.1229	27.9088	23.7558	32.0618	5.2119	4.8142	5.6096
26_23	95.06	107.2385	82.8815	46.5853	52.3289	40.8417	72.7862	59.1246	86.4478	22.688	16.8298	28.5462	4.6709	4.0811	5.2607
26_27	133.8787	150.5006	117.2568	69.8515	79.7269	59.9761	75.2361	66.6628	83.8094	49.8241	72.2043	27.4439	6.6219	8.4101	4.8337
26_29	157.4837	162.9206	152.0468	92.7363	95.9328	89.5398	76.6461	66.018	87.2742	41.8982	38.194	45.6024	6.4461	6.1885	6.7037
26_30	126.6934	128.7595	124.6273	56.6482	63.5804	49.716	74.5122	63.8155	85.2089	31.9821	31.2391	32.7251	5.6123	5.5634	5.6612
26_32	174.1208	182.4689	165.7727	96.0571	97.216	94.8982	76.7358	63.8642	89.6074	21.7559	26.2305	17.2813	4.5051	5.0696	3.9406
26_33	117.2579	119.0175	115.4983	49.5289	46.1032	52.9546	78.41481	67.61351	89.21611	19.9403	21.51603	18.36457	4.4367	4.68255	4.19085
26_42	174.2981	184.1783	164.4179	81.7804	83.1091	80.4517	77.877	66.6826	89.0714	50.8174	48.3281	53.3067	7.019	6.8299	7.2081
26_44	136.8225	138.2757	135.3693	65.7804	67.1091	64.4517	72.052	60.1769	83.9271	32.3059	37.6212	26.9906	5.5723	6.0875	5.0571
26_6	138.6288	150.5009	126.7567	90.7551	97.0081	84.5021	82.6691	72.1139	93.2243	41.0715	33.1647	48.9783	6.2694	5.612	6.9268
26_7	131.4353	134.7271	128.1435	60.5225	65.0775	55.9675	77.8597	66.6934	89.026	11.677	15.5591	7.7949	3.2524	3.9824	2.5224
26_8	135.6934	137.7595	133.6273	72.8873	73.5368	72.2378	75.3167	64.4948	86.1386	18.9282	24.1552	13.7012	4.1588	4.9039	3.4137
26_9	196.0322	194.1146	197.9498	105.6547	104.6062	106.7032	70.0175	58.1012	81.9338	115.9143	129.4426	102.386	10.712	11.3751	10.0489
27_2	131.8385	140.3398	123.3372	63.9943	63.9646	64.024	75.8112	62.9187	88.7037	50.6502	41.2189	60.0815	7.0206	6.3376	7.7036
27_25	182.9917	191.9526	174.0308	93.5225	98.0775	88.9675	77.5702	66.9348	88.2056	48.0073	52.4581	43.5565	6.8399	7.1659	6.5139
27_29	152.0966	159.3721	144.8211	89.5665	92.2536	86.8794	78.5566	67.9675	89.1457	36.4394	33.3722	39.5066	6.0332	5.8125	6.2539
27_32	148.4112	150.6305	146.1919	83.271	83.0715	83.4705	77.4387	66.712	88.1654	56.2456	50.0135	62.4777	7.4665	7.0481	7.8849
27_33	169.8385	178.3398	161.3372	83.6041	92.4041	74.8041	83.1705	72.1901	94.1509	32.0549	37.5981	26.5117	5.5306	6.0453	5.0159
27_36	174.782	187.1137	162.4503	94.3903	104.5487	84.2319	76.0695	64.2728	87.8662	45.0547	47.6026	42.5068	6.6144	6.78873	6.44007
27_4	181.0564	180.2113	181.9015	91.8245	91.2854	92.3636	78.2611	67.2861	89.2361	18.5697	14.9695	22.1699	4.2714	3.9187	4.6241
27_41	161.3547	167.4045	155.3049	90.6547	89.6062	91.7032	77.6212	67.0775	88.1649	54.0691	58.6571	49.4811	7.2875	7.6139	6.9611
27_42	132.7901	139.1463	126.4339	83.7804	85.1091	82.4517	78.3629	67.7001	89.0257	11.4421	13.4797	9.4045	3.3787	3.7571	3.0003
27_48	165.9434	172.7593	159.1275	95.4155	100.6497	90.1813	77.5963	67.7294	87.4632	22.6323	29.289	15.9756	4.6001	5.4206	3.7796
27_50	123.1452	113.5666	132.7238	64.0383	62.1408	65.9358	73.0183	59.7329	86.3037	50.022	50.1745	49.8695	7.0389	7.0416	7.0362
27_52	194.0564	193.2113	194.9015	105.4661	100.8518	110.0804	79.0162	68.7574	89.275	21.0637	19.9181	22.2093	4.5279	4.4337	4.6221
27_55	147.8708	151.4691	144.2725	79.1388	84.5428	73.7348	76.6126	66.8619	86.3633	34.5239	34.4418	34.606	5.8643	5.8949	5.8337
27_56	166.0564	165.2113	166.9015	93.7428	88.9587	98.5269	77.3816	65.1394	89.6238	40.8775	35.3593	46.3957	6.3179	5.8724	6.7634
27_6	133.3063	137.211	129.4016	69.1012	68.3923	69.8101	75.6826	64.425	86.9402	56.1035	72.5071	39.6999	7.3096	8.4954	6.1238
28_19	174.0805	174.3079	173.8531	65.9126	61.6379	70.1873	78.1059	65.8218	90.39	41.9292	37.9259	45.9325	6.4003	6.0782	6.7224
28_21	154.9999	157.98528	152.01452	78.1453	75.5686	80.722	73.1882	59.169	87.2074	58.7035	56.8265	60.5805	7.655	7.5553	7.7547
28_22	177.6692	178.6627	176.6757	95.1453	92.5686	97.722	78.083	68.6172	87.5488	16.8624	15.8297	17.8951	4.1009	4.0763	4.1255
28_23	171.8385	180.3398	163.3372	101.2269	102.8952	99.5586	77.9088	66.737	89.0806	39.082	33.8899	44.2741	6.0323	5.5317	6.5329
28_30	196.0966	203.3721	188.8211	98.6041	107.4041	89.8041	74.7615	62.8026	86.7204	79.1691	94.0864	64.2518	8.7861	9.6602	7.912
28_31	170.8277	180.9633	160.6921	92.5184	93.3943	91.6425	79.3565	67.7456	90.9674	92.0868	75.5599	108.6137	9.5161	8.6376	10.3946
28_33	149.2014	154.7915	143.6113	68.0319	74.1151	61.9487	80.5549	70.7788	90.331	36.7572	42.5062	31.0082	5.8462	6.2563	5.4361
28_39	155.1447	183.5645	126.7249	63.6353	86.5288	40.7418	78.52542	69.42342	87.62742	22.9331	28.5386	17.3276	4.6273	5.2528	4.0018
28_40	107.95	108.7903	107.1097	44.6106	45.4299	43.7913	75.8354	62.2832	89.3876	22.263	20.4777	24.0483	4.6575	4.4818	4.8332
28_41	122.024	126.0819	117.9661	71.271	71.0715	71.4705	78.8064	65.923	91.6898	49.7741	47.8111	51.7371	7.0081	6.9208	7.0954
28_42	182.5376	179.8028	185.2724	105.8368	116.3348	95.3388	80.7255	71.2213	90.2297	32.1645	45.5988	18.7302	5.3235	6.6884	3.9586
28_43	174.6209	173.4694	175.7724	106.0131	109.0398	102.9864	79.1914	70.6486	87.7342	31.1766	18.7395	43.6137	5.3971	4.2809	6.5133
28_44	134.9192	140.6625	129.1759	70.3591	66.424	74.2942	77.8893	67.3886	88.39	20.2815	27.4903	13.0727	4.2927	5.2253	3.3601
28_50	161.9838	157.9211	166.0465	77.7175	77.8576	77.5774	72.0622	58.6774	85.447	33.7726	29.9089	37.6363	5.7888	5.474	6.1036
28_6	170.5079	177.0173	163.9985	78.7804	80.1091	77.4517	73.079	58.882	87.276	59.5366	59.9204	59.1528	7.7133	7.7668	7.6598
29_1	108.31	112.2147	104.4053	60.4155	65.6497	55.1813	70.0686	58.2068	81.9304	34.4396	17.9077	50.9715	5.5299	4.0342	7.0256
29_12	184.1129	179.4373	188.7885	127.6423	115.5568	139.7278	75.2889	62.8562	87.7216	57.8469	67.2604	48.4334	7.4953	8.134	6.8566
29_17	149.1773	153.6949	144.6597	80.7363	83.9328	77.5398	75.9179	67.1044	84.7314	61.412	55.1988	67.6252	7.8038	7.4094	8.1982
29_2	117.6611	124.6302	110.692	68.8433	71.3606	66.326	79.0908	67.988	90.1936	30.5814	21.6805	39.4823	5.4173	4.6332	6.2014
29_29	142.7284	144.2327	141.2241	65.5959	67.0378	64.154	73.5658	59.8055	87.3261	75.366	82.9257	67.8063	8.643	9.0966	8.1894
29_30	120.7095	129.8236	111.5954	62.0759	66.2913	57.8605	71.6298	58.7692	84.4904	42.3966	55.7043	29.0889	6.3161	7.4526	5.1796
29_35	212.2579	214.0175	210.4983	119.3715	126.4735	112.2695	77.7505	68.7819	86.7191	84.8384	76.186	93.4908	9.1812	8.7019	9.6605
29_37	208.1449	217.5655	198.7243	79.8809	88.5111	71.2507	74.9834	67.982	81.9848	59.6778	48.1473	71.2083	7.6328	6.8538	8.4118
29_39	169.3223	180.2751	158.3695	85.4784	91.9012	79.0556	74.595	60.0388	89.1512	61.1791	71.4986	50.8596	7.7507	8.462	7.0394
29_4	109.4	117.5948	101.2052	50.7363	53.9328	47.5398	70.9285	57.4187	84.4383	45.0962	46.4738	43.7186	6.6853	6.82127	6.54933
29_49	153.7581	146.0181	161.4981	66.5918	64.3547	68.8289	71.846	59.4787	84.2133	20.5782	22.4468	18.7096	4.5251	4.8265	4.2237
29_6	157.5752	158.6198	156.5306	79.2857	78.4636	80.1078	76.4811	63.6513	89.3109	54.0964	49.3456	58.8472	7.3078	7.0017	7.6139
29_7	108.6	106.3759	110.8241	45.5037	47.0022	44.0052	79.3749	69.3569	89.3929	24.4185	25.499	23.338	4.8964	5.10604	4.68676
29_8	153.3707	166.4685	140.2729	81.8997	93.5863	70.2131	78.6947	69.6818	87.7076	20.5095	24.8764	16.1426	4.3807	4.9319	3.8295
29_9	185.9113	178.631	193.1916	100.2081	98.82	101.5962	78.8261	67.6803	89.9719	55.8137	64.8464	46.781	7.3943	8.0414	6.7472
3_11	147.024	151.0819	142.9661	76.6106	77.4299	75.7913	72.7354	62.2755	83.1953	68.6779	62.168	75.1878	8.2615	7.8805	8.6425
3_12	149.7255	165.8877	133.5633	70.8368	81.3348	60.3388	71.0575	60.0235	82.0915	34.2708	41.4372	27.1044	5.7633	6.4405	5.0861
3_16	109.6451	109.5661	109.7241	62.6106	63.4299	61.7913	74.0502	64.6467	83.4537	16.7627	16.614	16.9114	4.0969	4.1496	4.0442
3_30	132.4837	137.9206	127.0468	72.3779	71.4992	73.2566	82.1971	72.136	92.2582	31.4744	42.3543	20.5945	5.3734	6.4218	4.325
3_36	151.6771	165.6943	137.6599	67.472	81.8754	53.0686	72.2432	59.7865	84.6999	51.6142	65.5381	37.6903	7.0236	8.0846	5.9626
3_40	184.8627	194.4365	175.2889	93.7363	96.9328	90.5398	79.9127	69.565	90.2604	50.116	46.7101	53.5219	6.8889	6.5323	7.2455
3_43	148.516	149.0499	147.9821	73.2457	77.9705	68.5209	81.1555	68.7334	93.5776	56.2267	58.7168	53.7366	7.4848	7.67345	7.296147
3_44	127.4193	123.663	131.1756	75.7428	70.9587	80.5269	74.2903	61.8417	86.7389	51.7067	56.1355	47.2779	7.1142	7.4528	6.7756
3_46	121.5	114.9858	128.0142	66.2522	62.9963	69.5081	79.0644	69.7743	88.3545	13.2368	13.2475	13.2261	3.6111	3.74302	3.47918
3_53	142.8868	153.5331	132.2405	74.8433	77.3606	72.326	74.2949	60.3205	88.2693	41.9739	32.5982	51.3496	6.3015	5.5086	7.0944
3_55	132.9032	131.5984	134.208	61.9061	65.6121	58.2001	77.0956	68.4018	85.7894	44.4117	33.5567	55.2667	6.5398	5.6971	7.3825
3_56	142.4193	138.663	146.1756	76.8809	85.5111	68.2507	73.3542	60.9897	85.7187	50.909	56.3218	45.4962	7.0809	7.497	6.6648
3_71	139.1129	134.4373	143.7885	66.1893	61.7448	70.6338	73.2415	58.4239	88.0591	38.0232	41.0463	35.0001	6.1474	6.43269	5.86211
3_82	175.0645	168.2439	181.8851	92.0824	88.3171	95.8477	72.6551	59.0148	86.2954	36.9905	35.5836	38.3974	6.055	5.9479	6.1621
3_84	130.9355	124.7277	137.1433	77.2017	83.7943	70.6091	81.4213	72.3699	90.4727	40.3909	19.4798	61.302	5.8901	4.1071	7.6731
30_11	218.0322	216.1146	219.9498	134.8245	134.2854	135.3636	80.2834	69.3588	91.208	36.9735	32.6159	41.3311	6.05	5.7185	6.3815
30_12	197.4837	202.9206	192.0468	112.6987	109.7824	115.615	78.0044	66.0814	89.9274	47.7791	50.1211	45.4371	6.8591	7.06614	6.65206
30_13	190.4677	188.8565	192.0789	87.8497	82.3864	93.313	78.0298	70.9169	85.1427	108.5883	118.6223	98.5543	10.3828	10.8861	9.8795
30_16	161.1129	156.4373	165.7885	82.617	75.4557	89.7783	80.1494	71.6292	88.6696	15.6963	16.2982	15.0944	3.9183	4.04871	3.78789
30_18	162.1773	166.6949	157.6597	102.4408	102.7507	102.1309	79.7486	69.2098	90.2874	25.3666	21.374	29.3592	5.0256	4.6771	5.3741
30_22	159.8466	162.3723	157.3209	97.969	102.8636	93.0744	75.5796	64.17207	86.98713	24.843	31.2445	18.4415	4.8601	5.5874	4.1328
30_23	164.6209	163.4694	165.7724	82.617	75.4557	89.7783	71.898	59.8069	83.9891	49.0143	45.3032	52.7254	6.9894	6.7483	7.2305
30_24	174.1933	185.759	162.6276	100.4155	105.6497	95.1813	77.4494	68.1784	86.7204	48.4279	55.5678	41.288	6.8165	7.3134	6.3196
30_25	153.629	146.5019	160.7561	74.1135	84.4417	63.7853	77.7125	68.7245	86.7005	48.2344	36.5658	59.903	6.8547	5.9901	7.7193
30_27	179.1936	171.7601	186.6271	104.8057	101.2102	108.4012	78.6228	69.6564	87.5892	49.2033	38.3434	60.0632	6.8723	6.0415	7.7031
30_28	151.3788	158.5011	144.2565	81.5853	87.3289	75.8417	80.5805	68.4133	92.7477	11.7705	11.7642	11.7768	3.3988	3.4868	3.3108
30_4	147.5804	157.3074	137.8534	77.4408	77.7507	77.1309	73.384	60.2926	86.4754	26.0529	33.8582	18.2476	4.8636	5.6474	4.0798
30_6	162.4595	166.8239	158.0951	80.4849	78.927	82.0428	77.5922	65.4177	89.7667	17.8919	24.6569	11.1269	3.9376	4.8997	2.9755
30_7	206.3386	205.3403	207.3369	104.6735	106.68144	102.66556	80.9003	71.3566	90.444	51.2901	45.9127	56.6675	7.1186	6.7405	7.4967
30_8	106.8	107.1807	106.4193	42.8873	43.5368	42.2378	77.6125	63.8954	91.3296	27.6587	26.1812	29.1362	5.23802	5.15262	5.32342
31_1	179.0805	179.3079	178.8531	95.5959	97.0378	94.154	82.8335	72.6363	93.0307	33.0923	34.4127	31.7719	5.7448	5.90266	5.58694
31_10	162.6611	169.6302	155.692	87.6294	91.5052	83.7536	78.9142	68.5864	89.242	22.5263	30.5181	14.5345	4.4192	5.4848	3.3536
31_12	132.0159	142.0494	121.9824	81.3715	88.4735	74.2695	74.9111	62.9577	86.8645	30.6606	36.2657	25.0555	5.4233	5.9888	4.8578
31_15	205.9675	213.8559	198.0791	97.7739	107.0833	88.4645	70.4646	61.3418	79.5874	48.0284	39.8985	56.1583	6.8461	6.2539	7.4383
31_16	148.9192	154.6625	143.1759	69.8245	69.2854	70.3636	79.2537	66.8215	91.6859	30.7182	31.7868	29.6496	5.5518	5.7141	5.3895
31_17	181.1933	192.759	169.6276	98.3274	107.2972	89.3576	77.9576	68.4784	87.4368	56.3252	61.5193	51.1311	7.4367	7.7936	7.0798
31_18	210.9515	211.7918	210.1112	110.2457	114.9705	105.5209	75.7772	65.3531	86.2013	58.809	60.1474	57.4706	7.6213	7.6891	7.5535
31_21	106.37	119.4678	93.2722	51.3715	58.4735	44.2695	73.6211	60.6315	86.6107	24.831	15.9065	33.7555	4.8356	3.9343	5.7369
31_26	154.2419	148.9534	159.5304	57.0824	53.3171	60.8477	77.1092	65.2788	88.9396	11.6572	13.7172	9.5972	3.3167	3.772	2.8614
31_28	160.3978	159.9102	160.8854	92.573	87.2795	97.8665	76.3558	65.4925	87.2191	34.8532	34.0543	35.6521	5.8868	5.8689	5.9047
31_30	174.1936	166.7601	181.6271	93.422	90.6755	96.1685	76.6902	64.5328	88.8476	36.4314	43.6929	29.1699	5.9544	6.6234	5.2854
31_31	228.1289	230.5014	225.7564	128.0066	139.014	116.9992	78.9085	70.967	86.85	33.7029	32.8625	34.5433	5.6708	5.5612	5.7804
31_4	146.6637	157.974	135.3534	82.2939	88.8299	75.7579	75.762	61.5823	89.9417	21.5133	27.3996	15.627	4.4875	5.2208	3.7542
31_5	151.5804	161.3074	141.8534	84.3967	86.5744	82.219	78.44702	68.43252	88.46152	80.8976	77.5404	84.2548	8.9601	8.7699	9.1503
31_6	122.4435	119.7598	125.1272	55.7804	57.1091	54.4517	76.2194	62.8824	89.5564	34.9258	36.862	32.9896	5.8878	6.085797	5.6898
32_11	152.419	167.6619	137.1761	84.3838	102.5228	66.2448	78.3459	68.2979	88.3939	25.1849	25.1551	25.2147	4.9541	4.9707	4.9375
32_18	172.3736	170.8135	173.9337	84.684	82.3903	86.9777	77.3933	66.9512	87.8354	30.1928	41.0821	19.3035	5.26305	6.34225	4.18385
32_2	165.2903	162.1469	168.4337	78.0131	81.0398	74.9864	75.9975	66.5254	85.4696	16.61	22.4285	10.7915	3.8308	4.7288	2.9328
32_25	198.1129	193.4373	202.7885	103.8433	106.3606	101.326	79.2804	71.5378	87.023	30.5244	34.1107	26.9381	5.4066	5.8242	4.989
32_3	144.7418	148.9529	140.5307	67.3779	66.4992	68.2566	76.7184	64.4309	89.0059	34.4304	32.509	36.3518	5.8735	5.7481	5.9989
32_31	153.9355	147.7277	160.1433	75.6611	66.632	84.6902	79.0291	70.4309	87.6273	48.311	45.3824	51.2396	6.9386	6.7531	7.1241
32_33	154.8466	157.3723	152.3209	81.9061	85.6121	78.2001	79.7307	68.5175	90.9439	23.2754	17.458	29.0928	4.6206	3.9505	5.2907
32_37	191.8385	200.3398	183.3372	99.2898	102.1467	96.4329	72.8348	60.9198	84.7498	64.9597	44.9273	84.9921	7.844	6.5734	9.1146
32_38	180.2096	179.8242	180.595	88.7804	90.1091	87.4517	80.5905	69.9956	91.1854	89.8385	87.0138	92.6632	9.4694	9.3337	9.6051
32_39	141.3547	147.4045	135.3049	77.573	72.2795	82.8665	72.7249	60.6709	84.7789	43.9801	31.0452	56.915	6.4691	5.4413	7.4969
32_40	119.4353	122.7271	116.1435	69.3715	76.4735	62.2695	72.457	57.1554	87.7586	39.8118	48.5582	31.0654	6.0982	6.8926	5.3038
32_41	152.6611	159.6302	145.692	92.4155	97.6497	87.1813	78.39761	66.95065	89.84457	33.3215	28.6525	37.9905	5.7361	5.3708	6.1014
32_42	199.9675	207.8559	192.0791	92.2017	98.7943	85.6091	80.9647	70.514	91.4154	67.9112	68.1866	67.6358	8.2352	8.2763	8.1941
32_5	222.2256	228.8882	215.563	111.6294	115.5052	107.7536	79.5035	69.5263	89.4807	24.3641	23.4776	25.2506	4.92	4.8758	4.9642
32_9	133.9515	134.7918	133.1112	66.4555	66.1428	66.7682	73.2689	60.0169	86.5209	27.4571	20.9607	33.9535	5.14057	4.52097	5.76017
33_11	155.1476	168.9094	141.3858	79.5812	81.64574	77.51666	77.4883	64.6334	90.3432	77.4175	93.9892	60.8458	8.6787	9.6833	7.6741
33_12	175.2282	186.232	164.2244	77.3421	85.6893	68.9949	80.804	70.5833	91.0247	12.1918	15.3657	9.0179	3.3571	3.9907	2.7235
33_13	113.5323	102.1151	124.9495	48.5665	51.2536	45.8794	72.8311	60.1383	85.5239	19.067	22.6916	15.4424	4.2666	4.7683	3.7649
33_18	136.7823	130.1149	143.4497	47.4408	47.7507	47.1309	71.9348	58.4397	85.4299	31.8324	33.624	30.0408	5.4813	5.60827	5.35433
33_19	93.83	99.6244	88.0356	32.3486	32.7151	31.9821	74.6924	62.8871	86.4977	12.2293	14.7275	9.7311	3.4172	3.8841	2.9503
33_20	222.0642	234.2427	209.8857	117.0947	124.3665	109.8229	82.4497	71.7386	93.1608	44.0047	37.15	50.8594	6.5566	6.0152	7.098
33_23	158.5082	146.0184	170.998	89.8497	84.3864	95.313	79.184	68.2973	90.0707	30.4273	21.3262	39.5284	5.4165	4.5999	6.2331
33_30	169.3547	175.4045	163.3049	89.1388	94.5428	83.7348	76.6802	66.0509	87.3095	68.3117	71.6176	65.0058	8.2337	8.46317	8.00423
33_33	164.6451	164.5661	164.7241	99.8057	96.2102	103.4012	78.38953	67.61563	89.16343	46.6121	40.3185	52.9057	6.7815	6.3251	7.2379
33_34	154.8627	164.4365	145.2889	85.2645	93.0457	77.4833	73.6505	59.1179	88.1831	48.1831	66.8049	29.5613	6.6076	8.0929	5.1223
33_43	201.5964	218.3715	184.8213	113.8433	116.3606	111.326	74.633	67.1006	82.1654	75.3299	79.356	71.3038	8.6435	8.89904	8.38796
33_44	193.8708	197.4691	190.2725	112.9755	109.8894	116.0616	76.9839	67.3716	86.5962	85.5082	88.7205	82.2959	9.2306	9.421703	9.0395
33_47	217.024	221.0819	212.9661	110.1265	104.4934	115.7596	78.7731	67.46576	90.08044	125.2728	117.9398	132.6058	11.1829	10.8469	11.5189
33_5	182.2818	204.1131	160.4505	86.0695	98.2655	73.8735	74.7783	61.1797	88.3769	57.2159	79.4162	35.0156	7.251	8.8575	5.6445
33_7	182.2579	184.0175	180.4983	89.0507	98.1903	79.9111	75.5172	66.4409	84.5935	36.1588	47.4406	24.877	5.8259	6.8876	4.7642
34_10	186.2096	185.8242	186.595	96.5477	96.1784	96.917	75.2527	64.3782	86.1272	52.7168	70.757	34.6766	6.9994	8.3341	5.6647
34_18	164.1773	168.6949	159.6597	95.969	100.8636	91.0744	75.7266	63.6334	87.8198	57.8626	60.78	54.9452	7.5415	7.80269	7.28031
34_22	137.6692	138.6627	136.6757	74.3151	72.2478	76.3824	74.4239	61.3057	87.5421	41.0486	50.9464	31.1508	6.2583	7.0847	5.4319
34_23	152.4677	150.8565	154.0789	88.4849	86.927	90.0428	77.0808	67.606	86.5556	25.3543	18.2806	32.428	4.9254	4.2355	5.6153
34_26	173.8548	170.405	177.3046	87.9126	83.6379	92.1873	81.119	71.7562	90.4818	65.1451	74.159	56.1312	8.0126	8.615	7.4102
34_31	118.1289	120.5014	115.7564	56.3339	57.323	55.3448	74.3845	63.7019	85.0671	19.667	30.6106	8.7234	3.9226	5.4401	2.4051
34_33	167.4595	171.8239	163.0951	88.8433	91.3606	86.326	76.7482	66.1966	87.2998	58.3758	55.0903	61.6613	7.609	7.3889	7.8291
34_36	199.2579	201.0175	197.4983	91.0759	95.2913	86.8605	76.5585	63.5337	89.5833	51.3703	44.5047	58.2359	7.1047	6.6633	7.5461
34_39	138.5321	146.1141	130.9501	80.7551	87.0081	74.5021	71.6974	58.7735	84.6213	34.3749	38.3985	30.3513	5.7421	6.0647	5.4195
34_4	182.8708	186.4691	179.2725	103.818	111.2596	96.3764	76.2048	66.8373	85.5723	66.9907	73.9162	60.0652	8.1566	8.621	7.6922
34_52	142.7095	151.8236	133.5954	64.8245	64.2854	65.3636	76.5368	65.0548	88.0188	55.3329	61.0373	49.6285	7.3438	7.8092	6.8784
34_54	208.8385	217.3398	200.3372	102.6482	109.5804	95.716	73.7643	61.6647	85.8639	46.8261	66.9699	26.6823	6.4242	8.0398	4.8086
34_72	201.5187	206.3938	196.6436	110.9396	117.0794	104.7998	77.7133	70.0355	85.3911	57.1277	55.8575	58.3979	7.5692	7.5018	7.6366
34_75	150.0805	150.3079	149.8531	73.5665	76.2536	70.8794	78.50008	67.04647	89.95369	39.4213	37.4728	41.3698	6.2437	6.1021	6.3853
34_76	136.5187	141.3938	131.6436	67.5918	65.3547	69.8289	72.953	59.5678	86.3382	40.6655	35.0922	46.2388	6.3114	5.879	6.7438
35_13	194.9192	200.6625	189.1759	97.7111	105.8319	89.5903	78.7208	69.1504	88.2912	39.7895	40.782	38.797	6.274	6.373	6.175
35_15	127.4595	131.8239	123.0951	73.8809	82.5111	65.2507	70.4122	56.5253	84.2991	40.9771	40.2803	41.6739	6.3512	6.3096	6.3928
35_22	173.3305	178.3077	168.3533	77.1388	82.5428	71.7348	77.6564	67.94	87.3728	31.8699	36.5153	27.2245	5.5957	6.0588	5.1326
35_25	176.3788	183.5011	169.2565	101.0759	105.2913	96.8605	79.4687	67.0733	91.8641	76.7339	75.2495	78.2183	8.7219	8.6308	8.813
35_26	167.7901	174.1463	161.4339	74.6735	76.68144	72.66556	72.3708	59.91	84.8316	28.1806	33.3901	22.9711	5.23092	5.79412	4.66772
35_31	109.8225	111.2757	108.3693	60.9126	56.6379	65.1873	78.47561	70.07001	86.88121	17.6298	16.9755	18.2841	4.1422	4.1629	4.1215
35_33	178.3145	176.2436	180.3854	85.6547	84.6062	86.7032	79.904	69.6359	90.1721	34.1258	42.6208	25.6308	5.6743	6.4484	4.9002
35_35	146.2847	153.4581	139.1113	72.4449	76.4339	68.4559	74.8736	62.229	87.5182	32.4595	35.5748	29.3442	5.6652	6.0131	5.3173
35_41	161.1129	156.4373	165.7885	95.7616	94.0339	97.4893	81.1694	70.1561	92.1827	46.9357	60.6476	33.2238	6.663	7.7659	5.5601
35_43	159.2014	164.7915	153.6113	71.4091	84.6239	58.1943	78.1718	65.6947	90.6489	32.9719	43.5342	22.4096	5.4698	6.445	4.4946
35_49	192.024	196.0819	187.9661	94.969	99.8636	90.0744	80.0845	70.6273	89.5417	26.9818	28.0337	25.9299	5.0784	5.22156	4.93524
35_5	153.4353	156.7271	150.1435	75.1829	78.7191	71.6467	68.7134	55.8768	81.55	53.3846	62.0524	44.7168	7.2356	7.8712	6.6
35_53	188.1449	197.5655	178.7243	103.8809	112.5111	95.2507	76.6567	68.3342	84.9792	23.3561	21.7206	24.9916	4.8014	4.6954	4.9074
35_7	164.6451	164.5661	164.7241	76.1893	71.7448	80.6338	76.4421	66.4768	86.4074	36.6803	48.1943	25.1663	5.856	6.9247	4.7873
35_8	143.0645	136.2439	149.8851	74.6735	76.68144	72.66556	75.982	63.3231	88.6409	49.1821	35.9811	62.3831	6.8937	5.9486	7.8388
4_1	168.4514	178.7913	158.1115	68.9038	84.2694	53.5382	74.903	63.7536	86.0524	13.1127	17.9277	8.2977	3.3771	4.2129	2.5413
4_11	167.911	179.6299	156.1921	95.7363	98.9328	92.5398	82.3221	72.3593	92.2849	26.2535	25.0017	27.5053	5.0681	4.9907	5.1455
4_14	121.1773	125.6949	116.6597	55.2081	53.82	56.5962	76.2398	65.3241	87.1555	56.9691	52.3962	61.542	7.5274	7.2277	7.8271
4_22	145.3063	149.211	141.4016	78.5413	86.1527	70.9299	77.6979	67.1651	88.2307	48.5547	49.5323	47.5771	6.9492	7.05488	6.84352
4_32	159.5804	169.3074	149.8534	84.1135	94.4417	73.7853	77.1402	66.8587	87.4217	39.7672	54.0605	25.4739	6.0073	7.2342	4.7804
4_33	189.8064	184.2115	195.4013	89.3967	91.5744	87.219	80.9554	68.3478	93.563	31.2074	23.4728	38.942	5.4434	4.7024	6.1844
4_35	170.9352	183.7266	158.1438	71.7616	70.0339	73.4893	75.6482	66.6435	84.6529	17.4272	22.0064	12.848	4.0452	4.7252	3.3652
4_36	156.6666	153.3189	160.0143	72.1118	67.1013	77.1223	71.9031	58.611	85.1952	19.1756	21.4268	16.9244	4.3013	4.6544	3.9482
4_50	128.8708	132.4691	125.2725	72.0571	73.216	70.8982	78.6425	68.0111	89.2739	22.0735	33.2925	10.8545	4.2657	5.6903	2.8411
4_55	118.1289	120.5014	115.7564	83.1641	83.6438	82.6844	80.9513	70.5886	91.314	12.6594	16.7864	8.5324	3.4124	4.1612	2.6636
4_58	209.2014	214.7915	203.6113	100.1576	108.618	91.6972	75.6257	61.0613	90.1901	18.5904	25.4646	11.7162	3.9661	4.8369	3.0953
4_60	167.5644	170.2433	164.8855	91.818	99.2596	84.3764	74.4402	60.5242	88.3562	69.1736	109.3068	29.0404	7.3382	10.1758	4.5006
4_61	122.9032	121.5984	124.208	70.4849	68.927	72.0428	76.3906	67.821	84.9602	39.6763	38.9209	40.4317	6.1562	6.0351	6.2773
4_67	141.1129	136.4373	145.7885	69.7868	63.1349	76.4387	75.0719	63.1655	86.9783	55.9284	48.0559	63.8009	7.3832	6.9015	7.8649
4_68	252.0805	252.3079	251.8531	133.1265	127.4934	138.7596	75.1646	60.368	89.9612	141.5337	140.7637	142.3037	11.8831	11.8543	11.9119
5_11	174.1933	185.759	162.6276	106.5413	114.1527	98.9299	79.4739	67.214	91.7338	68.4352	70.2071	66.6633	8.2503	8.3713	8.1293
5_12	131.5163	113.051	149.9816	52.7933	38.1607	67.4259	77.6122	64.6085	90.6159	20.1668	31.4572	8.8764	4.0196	5.5292	2.51
5_13	212.2177	205.8567	218.5787	108.422	105.6755	111.1685	82.6048	71.19154	94.01806	29.3048	40.5127	18.0969	4.878	6.0246	3.7314
5_14	115.387	116.5338	114.2402	55.1829	58.7191	51.6467	76.0337	61.1084	90.959	52.351	70.75	33.952	6.9048	8.2477	5.5619
5_17	156.1129	151.4373	160.7885	78.2898	81.1467	75.4329	79.1914	67.592	90.7908	52.9311	67.1184	38.7438	7.0738	8.0938	6.0538
5_18	132.8708	136.4691	129.2725	58.7804	60.1091	57.4517	75.0968	60.962	89.2316	34.3604	53.478	15.2428	5.21843	7.14463	3.29223
5_25	163.5321	171.1141	155.9501	70.7487	84.9823	56.5151	77.5239	67.6677	87.3801	30.1136	37.7007	22.5265	5.3382	6.1348	4.5416
5_26	173.6288	185.5009	161.7567	74.4091	87.6239	61.1943	75.7095	66.075	85.344	60.0213	82.1496	37.893	7.4487	9.0101	5.8873
5_29	179.8385	188.3398	171.3372	94.6294	98.5052	90.7536	74.2386	62.6185	85.8587	77.9886	87.0604	68.9168	8.7915	9.3376	8.2454
5_3	228.1449	237.5655	218.7243	115.8368	126.3348	105.3388	79.2924	70.8472	87.7376	22.0003	31.2092	12.7914	4.2575	5.2759	3.2391
5_34	143.7901	150.1463	137.4339	67.4408	67.7507	67.1309	69.8198	56.1118	83.5278	42.9946	43.5937	42.3955	6.4943	6.5466	6.442
5_41	149.2014	154.7915	143.6113	82.0759	86.2913	77.8605	76.3844	66.4148	86.354	83.3194	84.6304	82.0084	9.0969	9.1652	9.0286
5_42	141.5967	139.3726	143.8208	59.6735	61.68144	57.66556	72.2687	59.1624	85.375	30.1544	36.9915	23.3173	5.3618	6.0528	4.6708
5_47	157.1773	161.6949	152.6597	81.0759	85.2913	76.8605	77.6786	67.9281	87.4291	26.114	32.7965	19.4315	4.9443	5.6651	4.2235
5_66	186.7983	187.179	186.4176	113.2898	116.1467	110.4329	77.3521	66.5346	88.1696	84.0321	94.9397	73.1245	9.1154	9.7575	8.4733
6_11	153.3305	158.3077	148.3533	78.0319	84.1151	71.9487	79.9184	69.6279	90.2089	13.2965	20.2309	6.3621	3.2872	4.4415	2.1329
6_19	155.6288	167.5009	143.7567	75.8116	91.2338	60.3894	81.3047	69.0264	93.583	27.0184	40.0156	14.0212	4.6078	5.9517	3.2639
6_22	182.6614	170.6313	194.6915	82.8938	75.5627	90.2249	78.9307	67.0617	90.7997	31.3891	30.5377	32.2405	5.595	5.5759	5.6141
6_24	106.82	108.2732	105.3668	58.0319	64.1151	51.9487	77.903	68.2941	87.5119	35.1299	52.0113	18.2485	5.4298	7.0969	3.7627
6_31	178.7741	178.0822	179.466	96.2146	86.8459	105.5833	77.5696	68.3879	86.7513	41.8319	34.7505	48.9133	6.3951	5.8297	6.9605
6_33	176.4514	186.7913	166.1115	84.9437	94.7625	75.1249	78.6602	68.1385	89.1819	40.7136	66.6588	14.7684	5.3808	7.8854	2.8762
6_35	191.5804	201.3074	181.8534	125.7363	128.9328	122.5398	78.6393	67.1592	90.1194	32.3657	38.3637	26.3677	5.5763	6.1557	4.9969
6_36	138.3547	144.4045	132.3049	54.9061	58.6121	51.2001	76.1353	64.4258	87.8448	14.0314	21.1264	6.9364	3.4129	4.5591	2.2667
6_4	196.5967	194.3726	198.8208	106.0131	109.0398	102.9864	79.0174	67.052	90.9828	29.3186	42.0251	16.6121	4.9944	6.4042	3.5846
6_50	190.7901	197.1463	184.4339	109.8809	118.5111	101.2507	80.3379	68.7364	91.9394	50.2884	64.7747	35.8021	6.908	8.0062	5.8098
6_59	166.177	189.6937	142.6603	90.5601	101.2279	79.8923	71.8717	58.4024	85.341	32.1765	28.5788	35.7742	5.5801	5.2382	5.922
6_66	167.2338	167.9209	166.5467	62.6547	61.6062	63.7032	79.3901	71.0109	87.7693	18.4673	26.1473	10.7873	3.933	5.0013	2.8647
6_7	196.3949	210.5653	182.2245	104.6735	106.68144	102.66556	79.5615	68.15135	90.97165	64.9509	57.5852	72.3166	8.0402	7.5786	8.5018
6_70	167.5804	177.3074	157.8534	93.6041	102.4041	84.8041	81.6579	72.6619	90.6539	26.1816	16.5517	35.8115	4.9833	4.0362	5.9304
6_9	192.6451	192.5661	192.7241	102.1829	105.7191	98.6467	76.5054	65.09808	87.91272	35.0977	48.904	21.2914	5.5593	6.8225	4.2961
7_13	128.5082	116.0184	140.998	82.9755	79.8894	86.0616	83.063	74.5801	91.5459	14.583	12.5122	16.6538	3.7959	3.5954	3.9964
7_17	173.6934	175.7595	171.6273	118.2205	127.8695	108.5715	82.2631	73.8121	90.7141	23.6962	19.117	28.2754	4.7271	4.2944	5.1598
7_20	179.8868	190.5331	169.2405	96.0066	107.014	84.9992	73.0428	61.1308	84.9548	26.4806	37.2949	15.6663	4.8185	6.014	3.623
7_3	112.4435	109.7598	115.1272	71.3151	69.2478	73.3824	79.037	65.6988	92.3752	39.1096	32.5022	45.717	6.2222	5.7208	6.7236
7_33	143.7339	134.9214	152.5464	69.4913	59.9528	79.0298	76.6215	61.4394	91.8036	17.0161	23.9901	10.0421	3.8341	4.7244	2.9438
7_38	137.3386	136.3403	138.3369	80.1453	77.5686	82.722	78.542	67.09839	89.98561	88.285	75.6254	100.9446	9.3268	8.6338	10.0198
7_47	175.3063	179.211	171.4016	91.6294	95.5052	87.7536	75.0414	64.0745	86.0083	61.8228	69.7655	53.8801	7.7916	8.3334	7.2498
7_50	76.81	84.2387	69.3813	37.4155	42.6497	32.1813	73.2191	59.9995	86.4387	10.8695	7.9644	13.7746	3.3474	3.049	3.6458
7_53	180.1289	182.5014	177.7564	88.8433	91.3606	86.326	79.2886	70.0787	88.4985	33.499	30.5689	36.4291	5.6977	5.4261	5.9693
7_54	241.7202	249.2	234.2404	112.3967	114.5744	110.219	79.5812	69.2362	89.9262	36.208	30.4523	41.9637	5.9386	5.456	6.4212
7_55	211.7741	211.0822	212.466	94.5853	100.3289	88.8417	79.9279	70.3657	89.4901	96.8155	79.4361	114.1949	9.7291	8.7896	10.6686
7_6	162.8708	166.4691	159.2725	89.969	94.8636	85.0744	77.9749	68.3243	87.6255	67.9494	67.0715	68.8273	8.2325	8.1826	8.2824
7_65	171.2096	170.8242	171.595	87.9502	89.7883	86.1121	73.5814	59.8233	87.3395	56.6245	49.0055	64.2435	7.4646	6.9325	7.9967
7_69	218.1449	227.5655	208.7243	125.2581	141.0199	109.4963	78.611	69.6024	87.6196	89.4166	80.546	98.2872	9.3726	8.8349	9.9103
7_70	225.2903	222.1469	228.4337	133.5477	133.1784	133.917	79.6064	68.9238	90.289	53.5984	29.4566	77.7402	6.915	5.1394	8.6906
8_11	207.6692	208.6627	206.6757	124.3779	123.4992	125.2566	74.5855	64.0626	85.1084	63.9484	61.5907	66.3061	7.9791	7.8576	8.1006
8_2	191.9192	197.6625	186.1759	113.0066	124.014	101.9992	79.9673	70.3788	89.5558	49.8463	42.1336	57.559	7.0145	6.4774	7.5516
8_37	150.2661	146.0502	154.482	78.1958	65.7707	90.6209	73.4336	61.8882	84.979	16.7925	20.4649	13.1201	3.8032	4.3908	3.2156
8_38	195.9675	203.8559	188.0791	108.5665	111.2536	105.8794	80.0656	68.9299	91.2013	114.5983	95.3134	133.8832	10.6163	9.6835	11.5491
8_43	159.387	160.5338	158.2402	93.7804	95.1091	92.4517	79.5189	67.9652	91.0726	81.3296	84.0116	78.6476	9.0098	9.17332	8.84628
8_5	133.8845	121.1905	146.5785	59.8791	53.1706	66.5876	74.5109	60.6014	88.4204	39.505	45.6039	33.4061	6.1665	6.7411	5.5919
8_51	219.8466	222.3723	217.3209	109.0383	107.1408	110.9358	70.4082	57.2308	83.5856	80.2921	84.0377	76.5465	8.9249	9.13841	8.71139
8_52	141.3547	147.4045	135.3049	68.8368	79.3348	58.3388	78.0754	67.0795	89.0713	38.4698	22.7931	54.1465	5.9478	4.6207	7.2749
8_55	122.9675	130.8559	115.0791	67.6482	74.5804	60.716	77.6879	67.2221	88.1537	32.5231	33.1725	31.8737	5.6394	5.76778	5.51102
8_58	178.7578	190.017	167.4986	76.1324	89.517	62.7478	75.9379	68.104	83.7718	21.6055	21.2829	21.9281	4.5965	4.6228	4.5702
8_66	161.1371	157.5341	164.7401	89.0507	98.1903	79.9111	75.7926	66.1018	85.4834	40.6584	49.3047	32.0121	6.2426	6.9709	5.5143
8_69	172.024	176.0819	167.9661	98.7551	105.0081	92.5021	75.9316	66.4494	85.4138	58.5742	53.3883	63.7601	7.5978	7.2516	7.944
8_73	165.1612	162.6307	167.6917	73.4849	71.927	75.0428	69.6394	56.767	82.5118	80.4218	80.5394	80.3042	8.9539	8.9696	8.9382
8_75	208.3707	221.4685	195.2729	115.969	120.8636	111.0744	79.9057	70.3122	89.4992	71.261	75.3619	67.1601	8.3517	8.62513	8.07827
8_78	216.1129	211.4373	220.7885	90.6547	89.6062	91.7032	78.584	67.31212	89.85588	62.4733	57.5297	67.4169	7.8159	7.478	8.1538
9_10	190.9515	191.7918	190.1112	90.919	78.6637	103.1743	73.7461	61.5391	85.9531	100.4902	90.2413	110.7391	9.998	9.4816	10.5144
9_21	186.9838	182.9211	191.0465	84.0007	75.9904	92.011	77.2797	67.2348	87.3246	38.6496	28.8527	48.4465	6.0886	5.2815	6.8957
9_23	205.9515	206.7918	205.1112	89.8873	90.5368	89.2378	79.7141	68.40152	91.02668	75.6106	80.5584	70.6628	8.6653	8.9646	8.366
9_24	172.2579	174.0175	170.4983	74.6735	76.68144	72.66556	73.7271	60.8645	86.5897	43.3921	41.1931	45.5911	6.562	6.4	6.724
9_28	186.0966	193.3721	178.8211	103.7551	110.0081	97.5021	80.352	69.0894	91.6146	64.6301	51.1541	78.1061	7.9094	7.0166	8.8022
9_52	156.7741	156.0822	157.466	82.3967	84.5744	80.219	69.8884	57.8484	81.9284	61.5154	74.7875	48.2433	7.7216	8.6392	6.804
9_53	140.2661	136.0502	144.482	81.8685	79.4616	84.2754	74.6632	63.27754	86.04886	45.102	45.6883	44.5157	6.6772	6.77449	6.57991
9_54	201.7741	201.0822	202.466	112.0571	113.216	110.8982	76.991	67.5718	86.4102	25.5444	24.1256	26.9632	5.0397	4.9612	5.1182
9_56	228.4514	238.7913	218.1115	121.0131	124.0398	117.9864	80.1751	69.162	91.1882	51.3142	38.7397	63.8887	7.0163	6.0718	7.9608
9_65	196.1773	200.6949	191.6597	104.6735	106.68144	102.66556	77.4878	68.9828	85.9928	23.813	27.0555	20.5705	4.8054	5.2082	4.4026
9_67	169.8466	172.3723	167.3209	104.6735	106.68144	102.66556	79.4627	69.4883	89.4371	8.4235	10.7438	6.1032	2.7811	3.3211	2.2411
9_69	236.6611	243.6302	229.692	90.4155	95.6497	85.1813	69.6471	56.7116	82.5826	68.1791	74.5066	61.8516	8.2263	8.6529	7.7997
9_70	187.9032	186.5984	189.208	115.4661	110.8518	120.0804	77.8782	68.4031	87.3533	81.8181	65.8317	97.8045	8.9632	8.0614	9.865
9_71	150.7336	160.9203	140.5469	70.4408	70.7507	70.1309	74.4431	67.5768	81.3094	29.62611	29.84081	29.41141	5.3662	5.3872	5.3452
9_9	167.6451	167.5661	167.7241	90.6547	89.6062	91.7032	77.4316	65.9115	88.9517	21.6866	25.554	17.8192	4.2829	4.6144	3.9514
A632	183.6105167	186.9278833	180.29315	98.42811667	102.7001	94.15613333	76.48333333	64.66666667	88.3	75.63691667	82.58348333	68.69035	8.518033333	8.885616667	8.15045
B73	192.5151667	190.5464667	194.4838667	102.2202833	103.3131833	101.1273833	78.05	67.5	88.6	87.9724	78.90141667	97.04338333	9.1995	8.651428333	9.747571667
B96	209.5	202.9858	216.0142	122.12	124.4675	119.7725	81.5	71	92	29.6137	37.4768	21.7506	5.1813	5.8964	4.4662
CML91	155.55352	166.19986	144.90718	79.62922	92.50442	66.75402	NA	NA	NA	50.655	54.80554	46.50446	7.01774	7.3472886	6.688192
F7	107.2263833	107.224	107.2287667	51.29158333	51.93166667	50.6515	69.9	54.8	85	18.2482	20.53501667	15.96138333	3.9443	4.442033333	3.446566667
H99	125.0421667	114.7656	135.3187333	53.79773333	45.40065	62.19481667	72.14393939	59.83333333	84.45454545	18.24795	21.61811667	14.87778333	3.993083333	4.5413	3.444866667
HP301	160.59535	160.4227167	160.7679833	99.39595	105.4602667	93.33163333	83.40909091	74	92.81818182	16.90535	17.4785	16.3322	3.976425	4.194898333	3.757951667
Mo17	181.2628833	182.5373167	179.98845	99.34891667	97.77216667	100.9256667	78.23484848	67.83333333	88.63636364	25.94605	18.39096667	33.50113333	4.941228333	4.233928333	5.648528333
W153R	143.4984667	150.6463	136.3506333	66.22933333	69.29381667	63.16485	70.5625	55.5	85.625	57.27018333	51.80008333	62.74028333	7.450183333	7.05648	7.843886667
